7.600000;3.400000;
sum: 11.000000
avg: 5.500000
