7.600000;-5.200000;
sum: 2.400000
avg: 1.200000
